Training MCCs:
0.2
0.0
0.0
0.6571428571428571
0.5530100413375021
0.6080052052987127
0.7714285714285715
0.7181324987175317
0.828302688169126
0.828302688169126
0.8315218406202999
0.8315218406202999
0.8315218406202999
0.7714285714285715
0.8315218406202999
0.7806256350721517
0.7806256350721517
0.8315218406202999
0.8857142857142857
0.9438798074485388
Validation MCCs:
0.0
0.0
0.0
0.4082482904638631
0.4082482904638631
0.4082482904638631
0.4082482904638631
0.4082482904638631
0.4082482904638631
0.4082482904638631
0.4082482904638631
0.4082482904638631
0.4082482904638631
0.4082482904638631
0.4082482904638631
0.4082482904638631
0.4082482904638631
0.4082482904638631
0.4082482904638631
0.4082482904638631
